[gd_scene load_steps=6 format=3 uid="uid://kdmgcbw2qs7e"]

[ext_resource type="Material" uid="uid://b6ex8wbla5sb6" path="res://CaveBrown.tres" id="1_gcl08"]

[sub_resource type="StandardMaterial3D" id="StandardMaterial3D_vas0w"]
albedo_color = Color(0.180392, 0.0941176, 0.0745098, 1)

[sub_resource type="ProceduralSkyMaterial" id="ProceduralSkyMaterial_ux4jy"]
sky_horizon_color = Color(0.64625, 0.65575, 0.67075, 1)
ground_horizon_color = Color(0.64625, 0.65575, 0.67075, 1)

[sub_resource type="Sky" id="Sky_u1gsp"]
sky_material = SubResource("ProceduralSkyMaterial_ux4jy")

[sub_resource type="Environment" id="Environment_g5vkn"]
background_mode = 1
background_color = Color(0.0509804, 0.0156863, 0.00784314, 1)
sky = SubResource("Sky_u1gsp")
ambient_light_source = 3
tonemap_mode = 2
glow_enabled = true

[node name="Background" type="CSGBox3D" groups=["Hazard"]]
transform = Transform3D(1.62681, 0, 0, 0, 1, 0, 0, 0, 1, 2.08165e-12, -2, 2.08165e-12)
material_override = ExtResource("1_gcl08")
use_collision = true
size = Vector3(30, 4, 5)
material = ExtResource("1_gcl08")

[node name="WAll" type="CSGBox3D" parent="."]
transform = Transform3D(0.987732, -0.156159, 0, 0.156159, 0.987732, 0, 0, 0, 1, -10.6835, 4.1869, -0.0058403)
material_override = SubResource("StandardMaterial3D_vas0w")
size = Vector3(2.57275, 10, 4)

[node name="WAll2" type="CSGBox3D" parent="."]
transform = Transform3D(0.96091, 0.276862, 0, -0.276862, 0.96091, 0, 0, 0, 1, -10.5762, 9.21869, -0.0058403)
material_override = SubResource("StandardMaterial3D_vas0w")
size = Vector3(2.57275, 10, 4)

[node name="WAll3" type="CSGBox3D" parent="."]
transform = Transform3D(0.98908, 0.147378, 0, -0.147378, 0.98908, 0, 0, 0, 1, 10.4962, 6.50624, -0.0318718)
material_override = SubResource("StandardMaterial3D_vas0w")
size = Vector3(2.57275, 10, 4)

[node name="BackgroundRock2" type="CSGBox3D" parent="."]
transform = Transform3D(0.584498, 0.367927, -0.723182, -0.32242, 0.923212, 0.209105, 0.744585, 0.110947, 0.658243, 8.06265, 2.00012, -7.65957)
material_override = SubResource("StandardMaterial3D_vas0w")
size = Vector3(2.57275, 14.5459, 4)

[node name="BackgroundRock" type="CSGBox3D" parent="."]
transform = Transform3D(0.584498, 0.367927, -0.723182, -0.32242, 0.923212, 0.209105, 0.744585, 0.110947, 0.658243, 4.84577, 0.539805, -6.88236)
material_override = SubResource("StandardMaterial3D_vas0w")
size = Vector3(2.57275, 14.5459, 4)

[node name="BackgroundRock3" type="CSGBox3D" parent="."]
transform = Transform3D(0.652224, -0.330851, -0.682013, 0.142113, 0.937138, -0.318709, 0.744585, 0.110947, 0.658243, -6.05393, 1.98623, -8.36744)
material_override = SubResource("StandardMaterial3D_vas0w")
size = Vector3(2.57275, 14.5459, 4)

[node name="BackgroundRock4" type="CSGBox3D" parent="."]
transform = Transform3D(0.652224, -0.330851, -0.682013, 0.142113, 0.937138, -0.318709, 0.744585, 0.110947, 0.658243, -7.88435, -2.55827, -9.04281)
material_override = SubResource("StandardMaterial3D_vas0w")
size = Vector3(2.57275, 14.5459, 4)

[node name="BackgroundRock5" type="CSGBox3D" parent="."]
transform = Transform3D(0.652224, -0.330851, -0.682013, 0.142113, 0.937138, -0.318709, 0.744585, 0.110947, 0.658243, -2.51465, 20.74, -15.5337)
material_override = SubResource("StandardMaterial3D_vas0w")
size = Vector3(2.57275, 14.5459, 4)

[node name="BackgroundRock7" type="CSGBox3D" parent="."]
transform = Transform3D(0.544201, 0.470165, -0.694831, -0.386572, 0.875578, 0.2897, 0.744585, 0.110947, 0.658243, 4.92928, 13.7387, -11.2396)
material_override = SubResource("StandardMaterial3D_vas0w")
size = Vector3(2.57275, 14.5459, 4)

[node name="BackgroundRock6" type="CSGBox3D" parent="."]
transform = Transform3D(0.652224, -0.330851, -0.682013, 0.142113, 0.937138, -0.318709, 0.744585, 0.110947, 0.658243, -4.59144, 17.1435, -15.5809)
material_override = SubResource("StandardMaterial3D_vas0w")
size = Vector3(2.57275, 14.5459, 4)

[node name="BackgroundRock8" type="CSGBox3D" parent="."]
transform = Transform3D(0.652224, -0.330851, -0.682013, 0.142113, 0.937138, -0.318709, 0.744585, 0.110947, 0.658243, -9.47166, 19.2686, -9.6857)
material_override = SubResource("StandardMaterial3D_vas0w")
size = Vector3(2.57275, 14.5459, 4)

[node name="WAll4" type="CSGBox3D" parent="."]
transform = Transform3D(0.886737, -0.462275, 0, 0.462275, 0.886737, 0, 0, 0, 1, 8.89489, 13.5997, -0.0058403)
size = Vector3(3.83569, 10.8055, 4)

[node name="Ceiling" type="CSGBox3D" parent="."]
transform = Transform3D(0.35274, 0.935721, 0, -0.935721, 0.35274, 0, 0, 0, 1, -9.09061, 15.8443, -0.0058403)
material_override = SubResource("StandardMaterial3D_vas0w")
size = Vector3(4.89514, 10, 4)

[node name="Ceiling2" type="CSGBox3D" parent="."]
transform = Transform3D(-0.333149, 0.942874, 0, -0.942874, -0.333149, 0, 0, 0, 1, -4.04857, 18.3372, -0.0058403)
material_override = SubResource("StandardMaterial3D_vas0w")
size = Vector3(6.97668, 10, 4)

[node name="Ceiling3" type="CSGBox3D" parent="."]
transform = Transform3D(0.732519, 0.680746, 0, -0.680746, 0.732519, 0, 0, 0, 1, 4.03535, 18.6866, -0.0058403)
material_override = SubResource("StandardMaterial3D_vas0w")
size = Vector3(7.1261, 10, 4)

[node name="WorldEnvironment" type="WorldEnvironment" parent="."]
environment = SubResource("Environment_g5vkn")

[node name="DirectionalLight3D" type="DirectionalLight3D" parent="."]
transform = Transform3D(0.200103, -0.513431, 0.272403, 3.07337e-08, 0.468676, 0.88337, -0.945532, -0.287563, 0.152568, 0, 0, 0)

[node name="OmniLight3D" type="OmniLight3D" parent="DirectionalLight3D"]
transform = Transform3D(1, -1.85111e-08, -4.20281e-09, 1.29145e-08, 1, 3.20453e-08, -5.01444e-09, -5.01729e-08, 1, -2.2258, 3.15217, 7.57632)
light_energy = 4.719
omni_range = 16.276
omni_attenuation = 0.535887

[node name="OmniLight3D3" type="OmniLight3D" parent="DirectionalLight3D"]
transform = Transform3D(1, -1.85111e-08, -4.20281e-09, 1.29145e-08, 1, 3.20453e-08, -5.01444e-09, -5.01729e-08, 1, 2.21281, -1.69267, 12.6169)
light_energy = 4.719
omni_range = 16.276
omni_attenuation = 0.535887

[node name="OmniLight3D2" type="OmniLight3D" parent="DirectionalLight3D"]
transform = Transform3D(1, -1.85111e-08, -4.20281e-09, 1.29145e-08, 1, 3.20453e-08, -5.01444e-09, -5.01729e-08, 1, -2.68022, 13.5206, 2.0753)
light_energy = 4.719
omni_range = 16.276
omni_attenuation = 0.535887
